Juan Fons
Roberto Escobar
Jesús Castillo

-------------- Problema 1  ------------------

1) La matriz A es:
   5.2073e-14   4.1137e-12   3.2499e-10   2.5674e-08   2.0282e-06   1.6023e-04   1.2658e-02   1.0000e+00
   1.2800e-12   6.4000e-11   3.2000e-09   1.6000e-07   8.0000e-06   4.0000e-04   2.0000e-02   1.0000e+00
   1.0000e-07   1.0000e-06   1.0000e-05   1.0000e-04   1.0000e-03   1.0000e-02   1.0000e-01   1.0000e+00
   1.2800e+02   6.4000e+01   3.2000e+01   1.6000e+01   8.0000e+00   4.0000e+00   2.0000e+00   1.0000e+00
   8.2354e+05   1.1765e+05   1.6807e+04   2.4010e+03   3.4300e+02   4.9000e+01   7.0000e+00   1.0000e+00
   1.0000e+07   1.0000e+06   1.0000e+05   1.0000e+04   1.0000e+03   1.0000e+02   1.0000e+01   1.0000e+00
   3.4048e+09   1.4804e+08   6.4363e+06   2.7984e+05   1.2167e+04   5.2900e+02   2.3000e+01   1.0000e+00
   2.7513e+10   8.8750e+08   2.8629e+07   9.2352e+05   2.9791e+04   9.6100e+02   3.1000e+01   1.0000e+00

El término independiente es:
  -1
   1
  -1
   5
  -7
  -1
   1
   2

2) *******************************************A = LU***************************************************

 La matriz A es:
   5.2073e-14   4.1137e-12   3.2499e-10   2.5674e-08   2.0282e-06   1.6023e-04   1.2658e-02   1.0000e+00
   1.2800e-12   6.4000e-11   3.2000e-09   1.6000e-07   8.0000e-06   4.0000e-04   2.0000e-02   1.0000e+00
   1.0000e-07   1.0000e-06   1.0000e-05   1.0000e-04   1.0000e-03   1.0000e-02   1.0000e-01   1.0000e+00
   1.2800e+02   6.4000e+01   3.2000e+01   1.6000e+01   8.0000e+00   4.0000e+00   2.0000e+00   1.0000e+00
   8.2354e+05   1.1765e+05   1.6807e+04   2.4010e+03   3.4300e+02   4.9000e+01   7.0000e+00   1.0000e+00
   1.0000e+07   1.0000e+06   1.0000e+05   1.0000e+04   1.0000e+03   1.0000e+02   1.0000e+01   1.0000e+00
   3.4048e+09   1.4804e+08   6.4363e+06   2.7984e+05   1.2167e+04   5.2900e+02   2.3000e+01   1.0000e+00
   2.7513e+10   8.8750e+08   2.8629e+07   9.2352e+05   2.9791e+04   9.6100e+02   3.1000e+01   1.0000e+00

la matriz L es:
   1.0000e+00            0            0            0            0            0            0            0
   2.4581e+01   1.0000e+00            0            0            0            0            0            0
   1.9204e+06   1.8588e+05   1.0000e+00            0            0            0            0            0
   2.4581e+15   2.7069e+14   1.8021e+09   1.0000e+00            0            0            0            0
   1.5815e+19   1.7495e+18   1.1731e+13   6.7546e+03   1.0000e+00            0            0            0
   1.9204e+20   2.1255e+19   1.4265e+14   8.2491e+04   1.3678e+01   1.0000e+00            0            0
   6.5386e+22   7.2423e+21   4.8659e+16   2.8299e+07   5.3555e+03   9.0791e+02   1.0000e+00            0
   5.2835e+23   5.8529e+22   3.9333e+17   2.2901e+08   4.4404e+04   8.3778e+03   1.1059e+01   1.0000e+00

la matriz U es:
   5.2073e-14   4.1137e-12   3.2499e-10   2.5674e-08   2.0282e-06   1.6023e-04   1.2658e-02   1.0000e+00
            0  -3.7120e-11  -4.7885e-09  -4.7109e-07  -4.1856e-05  -3.5386e-03  -2.9115e-01  -2.3581e+01
            0            0   2.7600e-04   3.8364e-02   3.8864e+00   3.5008e+02   2.9812e+04   2.4629e+06
            0            0            0  -4.7251e+06  -6.5915e+08  -6.6863e+10  -6.0267e+12  -5.1339e+14
            0            0            0            0   1.1399e+10   1.5917e+12   1.6152e+14   1.4562e+16
            0            0            0            0            0  -6.6818e+09  -9.3374e+11  -9.4780e+13
            0            0            0            0            0            0   3.4289e+11   4.7931e+13
            0            0            0            0            0            0            0  -4.2084e+10

***************************************** PA = LU ***********************************************************

La matriz P es:
   0   0   0   0   0   0   0   1
   0   0   0   0   0   0   1   0
   0   0   0   0   0   1   0   0
   0   0   0   0   1   0   0   0
   0   0   0   1   0   0   0   0
   0   0   1   0   0   0   0   0
   0   1   0   0   0   0   0   0
   1   0   0   0   0   0   0   0

La matriz A es:
   5.2073e-14   4.1137e-12   3.2499e-10   2.5674e-08   2.0282e-06   1.6023e-04   1.2658e-02   1.0000e+00
   1.2800e-12   6.4000e-11   3.2000e-09   1.6000e-07   8.0000e-06   4.0000e-04   2.0000e-02   1.0000e+00
   1.0000e-07   1.0000e-06   1.0000e-05   1.0000e-04   1.0000e-03   1.0000e-02   1.0000e-01   1.0000e+00
   1.2800e+02   6.4000e+01   3.2000e+01   1.6000e+01   8.0000e+00   4.0000e+00   2.0000e+00   1.0000e+00
   8.2354e+05   1.1765e+05   1.6807e+04   2.4010e+03   3.4300e+02   4.9000e+01   7.0000e+00   1.0000e+00
   1.0000e+07   1.0000e+06   1.0000e+05   1.0000e+04   1.0000e+03   1.0000e+02   1.0000e+01   1.0000e+00
   3.4048e+09   1.4804e+08   6.4363e+06   2.7984e+05   1.2167e+04   5.2900e+02   2.3000e+01   1.0000e+00
   2.7513e+10   8.8750e+08   2.8629e+07   9.2352e+05   2.9791e+04   9.6100e+02   3.1000e+01   1.0000e+00

La matriz L es:
        0        0        0        0        0        0        0        0
   0.1238        0        0        0        0        0        0        0
   0.0004   0.0177        0        0        0        0        0        0
   0.0000   0.0024   0.2364        0        0        0        0        0
   0.0000   0.0000   0.0007   0.0282        0        0        0        0
   0.0000   0.0000   0.0000   0.0000   0.0002        0        0        0
   0.0000   0.0000   0.0000   0.0000   0.0000   0.0428        0        0
   0.0000   0.0000   0.0000   0.0000   0.0000   0.0172   0.6952        0

La matriz U es:
   2.7513e+10   8.8750e+08   2.8629e+07   9.2352e+05   2.9791e+04   9.6100e+02   3.1000e+01   1.0000e+00
            0   3.8203e+07   2.8933e+06   1.6555e+05   8.4802e+03   4.1007e+02   1.9164e+01   8.7624e-01
            0            0   3.8289e+04   6.7288e+03   8.3880e+02   9.2379e+01   9.6489e+00   9.8410e-01
            0            0            0   3.8793e+02   1.2359e+02   2.6155e+01   4.6723e+00   7.6523e-01
            0            0            0            0   3.9046e+00   3.1963e+00   1.8614e+00   9.7773e-01
            0            0            0            0            0   9.2006e-03   9.9537e-02   9.9976e-01
            0            0            0            0            0            0   1.5739e-02   9.5724e-01
            0            0            0            0            0            0            0   3.1731e-01

*****************************************PAQ = LU****************************************************************

La matriz P es:
   0   0   0   0   0   0   0   1
   0   0   0   0   0   0   1   0
   0   0   0   0   0   1   0   0
   0   0   0   0   1   0   0   0
   0   0   0   1   0   0   0   0
   0   0   1   0   0   0   0   0
   0   1   0   0   0   0   0   0
   1   0   0   0   0   0   0   0

La matriz A es:
   5.2073e-14   4.1137e-12   3.2499e-10   2.5674e-08   2.0282e-06   1.6023e-04   1.2658e-02   1.0000e+00
   1.2800e-12   6.4000e-11   3.2000e-09   1.6000e-07   8.0000e-06   4.0000e-04   2.0000e-02   1.0000e+00
   1.0000e-07   1.0000e-06   1.0000e-05   1.0000e-04   1.0000e-03   1.0000e-02   1.0000e-01   1.0000e+00
   1.2800e+02   6.4000e+01   3.2000e+01   1.6000e+01   8.0000e+00   4.0000e+00   2.0000e+00   1.0000e+00
   8.2354e+05   1.1765e+05   1.6807e+04   2.4010e+03   3.4300e+02   4.9000e+01   7.0000e+00   1.0000e+00
   1.0000e+07   1.0000e+06   1.0000e+05   1.0000e+04   1.0000e+03   1.0000e+02   1.0000e+01   1.0000e+00
   3.4048e+09   1.4804e+08   6.4363e+06   2.7984e+05   1.2167e+04   5.2900e+02   2.3000e+01   1.0000e+00
   2.7513e+10   8.8750e+08   2.8629e+07   9.2352e+05   2.9791e+04   9.6100e+02   3.1000e+01   1.0000e+00

la matriz Q es:
   1   0   0   0   0   0   0   0
   0   1   0   0   0   0   0   0
   0   0   1   0   0   0   0   0
   0   0   0   1   0   0   0   0
   0   0   0   0   1   0   0   0
   0   0   0   0   0   0   0   1
   0   0   0   0   0   0   1   0
   0   0   0   0   0   1   0   0

la matriz L es:
   1.0000        0        0        0        0        0        0        0
   0.1238   1.0000        0        0        0        0        0        0
   0.0004   0.0177   1.0000        0        0        0        0        0
   0.0000   0.0024   0.2364   1.0000        0        0        0        0
   0.0000   0.0000   0.0007   0.0282   1.0000        0        0        0
   0.0000   0.0000   0.0000   0.0000   0.0000   1.0000        0        0
   0.0000   0.0000   0.0000   0.0000   0.0002   0.9998   1.0000        0
   0.0000   0.0000   0.0000   0.0000   0.0000   1.0000   0.0845   1.0000

la matriz U es:
   2.7513e+10   8.8750e+08   2.8629e+07   9.2352e+05   2.9791e+04   1.0000e+00   3.1000e+01   9.6100e+02
            0   3.8203e+07   2.8933e+06   1.6555e+05   8.4802e+03   8.7624e-01   1.9164e+01   4.1007e+02
            0            0   3.8289e+04   6.7288e+03   8.3880e+02   9.8410e-01   9.6489e+00   9.2379e+01
            0            0            0   3.8793e+02   1.2359e+02   7.6523e-01   4.6723e+00   2.6155e+01
            0            0            0            0   3.9046e+00   9.7773e-01   1.8614e+00   3.1963e+00
            0            0            0            0            0   1.0000e+00   1.2657e-02   1.5858e-04
            0            0            0            0            0            0   8.6883e-02   9.0420e-03
            0            0            0            0            0            0            0  -5.2887e-04

-------------- Problema 2 ------------------

1) L1 =

   1.0000        0        0        0        0
   5.0000   1.0000        0        0        0
   7.0000   1.7500   1.0000        0        0
  -1.0000  -0.2500  -2.3333   1.0000        0
   1.0000   0.2083  -4.8333   2.5474   1.0000 

U1 =

    1.0000    6.0000    2.0000    6.0000    1.0000
         0  -24.0000   -6.0000  -25.0000   -3.0000
         0         0   -1.5000   10.7500   -0.7500
         0         0         0   22.8333    5.5000
         0         0         0         0  -14.0109 
L2 =

   1.0000        0        0        0        0
   5.0000   1.0000        0        0        0
   1.0000   0.2222   1.0000        0        0
   8.0000   1.3704  -0.2917   1.0000        0
   2.0000   0.0741  -1.0833   0.9341   1.0000
 
U2 =

    1.0000    5.0000    4.0000    3.0000    8.0000
         0  -27.0000  -18.0000  -17.0000  -39.0000
         0         0    8.0000   -0.2222    4.6667
         0         0         0    3.2315   -4.1944
         0         0         0         0   -6.1375 


2) 

4) L3 =

   1.0000        0        0        0        0
  -0.2154   1.0000        0        0        0
   0.1385   0.7386   1.0000        0        0
   1.0000   0.8480  -2.2256   1.0000        0
   1.4154  -0.9804  -3.1509  -1.8709   1.0000

U3 =

    65.0000    82.0000    50.0000    61.0000    91.0000
          0    30.6615    32.7692    25.1385    28.6000
          0          0   -13.1259    25.9870    39.2765
          0          0          0     9.5193    71.1608
          0          0          0          0   198.1288
