7 4 10
0110
1001
1001
1001
1001
1001
0110
1000000000
0010
0110
1010
0010
0010
0010
0111
0100000000
0110
1001
0001
0010
0100
1000
1111
0010000000
0110
1001
0001
0110
0001
1001
0110
0001000000
1001
1001
1001
1111
0001
0001
0001
0000100000
1111
1000
1110
0001
0001
1001
0110
0000010000
0110
1001
1000
1110
1001
1001
0110
0000001000
1111
0001
0001
0010
0010
0100
0100
0000000100
0110
1001
1001
0110
1001
1001
0110
0000000010
0110
1001
1001
0111
0001
1001
0110
0000000001
